Lab 6

1)
4 States
2 Bits

  s1     s2   input   n1      n0
0Even  1Even    0    0Odd    1Even
0Even  1Even    1    0Even   1Odd
-----------------------------------
0Odd   1Even    0    0Even   1Even
0Odd   1Even    1    0Odd    1Odd
-----------------------------------
0Odd   1Odd     0    0Even   1Odd
0Odd   1Odd     1    0Odd    1Even
-----------------------------------
0Even   1Odd    0    0Odd   1Odd
0Even   1Odd    1    0Even  1Even

Easy way

4 inputs
1 output
2^16 = 65,536 possible functions

W X Y Z    OUT (Randomized)
0 0 0 0     0
0 0 0 1     1
0 0 1 0     1
0 0 1 1     0
0 1 0 0     0
0 1 0 1     0
0 1 1 0     1
0 1 1 1     0
1 0 0 0     1
1 0 0 1     1
1 0 1 0     0
1 0 1 1     1
1 1 0 0     0
1 1 0 1     1
1 1 1 0     1
1 1 1 1     0

 6      2     D     6
----  ----  ----   ----
0110  0010  1101   0110

-----------------------------------------------
2)
5 States
3 Bits

Easy way
5 inputs
1 output
2^32 = 4.29*10^9 possible functions

V W X Y Z    OUT (Randomized)
0 0 0 0 0     0
0 0 0 0 1     1
0 0 0 1 0     1
0 0 0 1 1     1
0 0 1 0 0     0
0 0 1 0 1     0
0 0 1 1 0     1
0 0 1 1 1     1
0 1 0 0 0     1
0 1 0 0 1     1
0 1 0 1 0     0
0 1 0 1 1     1
0 1 1 0 0     1
0 1 1 0 1     0
0 1 1 1 0     0
0 1 1 1 1     1
1 0 0 0 0     0
1 0 0 0 1     1
1 0 0 1 0     1
1 0 0 1 1     1
1 0 1 0 0     0
1 0 1 0 1     1
1 0 1 1 0     0
1 0 1 1 1     1
1 1 0 0 0     1
1 1 0 0 1     0
1 1 0 1 0     1
1 1 0 1 1     1
1 1 1 0 0     1
1 1 1 0 1     1
1 1 1 1 0     1
1 1 1 1 1     1

 7     3     D     9     7     5     B
----  ----  ----  ----  ----  ----  ----
0111  0011  1101  1001  0111  0101  1011
